
###############################################################################
# MATERIAL ID 14: Steel_SA508
# Temperature = 293.6 K
###############################################################################

sigma_t = np.array([
    2.54119793E-01, 2.04214909E-01, 3.81602939E-01, 9.26827638E-01, 9.34841764E-01, 1.01648947E+00, 1.14752123E+00
])

sigma_s = np.array([
    2.16832322E-01, 2.30648979E-02, 1.33028655E-02, 1.18521610E-06, 0.00000000E+00, 0.00000000E+00, 0.00000000E+00,
    0.00000000E+00, 1.88894518E-01, 1.45554312E-02, 3.18134117E-06, 0.00000000E+00, 0.00000000E+00, 0.00000000E+00,
    0.00000000E+00, 0.00000000E+00, 3.78333021E-01, 2.50124394E-03, 0.00000000E+00, 0.00000000E+00, 0.00000000E+00,
    0.00000000E+00, 0.00000000E+00, 0.00000000E+00, 9.08313910E-01, 1.48273920E-02, 0.00000000E+00, 0.00000000E+00,
    0.00000000E+00, 0.00000000E+00, 0.00000000E+00, 0.00000000E+00, 9.13974375E-01, 1.37371794E-02, 0.00000000E+00,
    0.00000000E+00, 0.00000000E+00, 0.00000000E+00, 0.00000000E+00, 1.40835395E-05, 9.15853402E-01, 2.37050823E-02,
    0.00000000E+00, 0.00000000E+00, 0.00000000E+00, 0.00000000E+00, 0.00000000E+00, 8.03566332E-02, 8.65445631E-01
])

sigma_f = np.array([
    0.00000000E+00, 0.00000000E+00, 0.00000000E+00, 0.00000000E+00, 0.00000000E+00, 0.00000000E+00, 0.00000000E+00
])

nu_sigma_f = np.array([
    0.00000000E+00, 0.00000000E+00, 0.00000000E+00, 0.00000000E+00, 0.00000000E+00, 0.00000000E+00, 0.00000000E+00
])

chi = np.array([
    0.00000000E+00, 0.00000000E+00, 0.00000000E+00, 0.00000000E+00, 0.00000000E+00, 0.00000000E+00, 0.00000000E+00
])


###############################################################################
# MATERIAL ID 15: Steel_1.4404
# Temperature = 293.6 K
###############################################################################

sigma_t = np.array([
    2.55402352E-01, 2.29325210E-01, 4.41568889E-01, 9.20796581E-01, 8.86556971E-01, 9.16777294E-01, 1.09102240E+00
])

sigma_s = np.array([
    2.14334530E-01, 2.44402502E-02, 1.56595312E-02, 1.24797029E-06, 0.00000000E+00, 0.00000000E+00, 0.00000000E+00,
    0.00000000E+00, 2.12793088E-01, 1.60717654E-02, 1.18131315E-06, 0.00000000E+00, 0.00000000E+00, 0.00000000E+00,
    0.00000000E+00, 0.00000000E+00, 4.38604112E-01, 1.80067140E-03, 0.00000000E+00, 0.00000000E+00, 0.00000000E+00,
    0.00000000E+00, 0.00000000E+00, 0.00000000E+00, 9.02483168E-01, 1.27400501E-02, 0.00000000E+00, 0.00000000E+00,
    0.00000000E+00, 0.00000000E+00, 0.00000000E+00, 0.00000000E+00, 8.63849919E-01, 1.09554791E-02, 0.00000000E+00,
    0.00000000E+00, 0.00000000E+00, 0.00000000E+00, 0.00000000E+00, 2.59218245E-05, 8.72885419E-01, 4.05142869E-03,
    0.00000000E+00, 0.00000000E+00, 0.00000000E+00, 0.00000000E+00, 0.00000000E+00, 9.10983434E-02, 7.87227194E-01
])

sigma_f = np.array([
    0.00000000E+00, 0.00000000E+00, 0.00000000E+00, 0.00000000E+00, 0.00000000E+00, 0.00000000E+00, 0.00000000E+00
])

nu_sigma_f = np.array([
    0.00000000E+00, 0.00000000E+00, 0.00000000E+00, 0.00000000E+00, 0.00000000E+00, 0.00000000E+00, 0.00000000E+00
])

chi = np.array([
    0.00000000E+00, 0.00000000E+00, 0.00000000E+00, 0.00000000E+00, 0.00000000E+00, 0.00000000E+00, 0.00000000E+00
])


###############################################################################
# MATERIAL ID 4: water
# Temperature = 600 K
###############################################################################

sigma_t = np.array([
    1.76111397E-01, 3.11887053E-01, 7.46867945E-01, 1.02513281E+00, 1.02849294E+00, 1.36306509E+00, 2.43228963E+00
])

sigma_s = np.array([
    9.69856393E-02, 4.28082756E-02, 3.59999813E-02, 6.34894696E-05, 6.17536902E-06, 7.51058395E-07, 0.00000000E+00,
    0.00000000E+00, 1.29922274E-01, 1.81599901E-01, 3.12420333E-04, 2.90895526E-05, 3.10629644E-06, 0.00000000E+00,
    0.00000000E+00, 0.00000000E+00, 6.44210399E-01, 9.25114944E-02, 9.13948665E-03, 1.00527065E-03, 4.52671688E-06,
    0.00000000E+00, 0.00000000E+00, 0.00000000E+00, 6.62024953E-01, 3.27170211E-01, 3.56477466E-02, 1.49278305E-04,
    0.00000000E+00, 0.00000000E+00, 0.00000000E+00, 1.13614399E-07, 6.69323612E-01, 3.57214747E-01, 1.50754946E-03,
    0.00000000E+00, 0.00000000E+00, 0.00000000E+00, 0.00000000E+00, 4.05345998E-06, 1.14248099E+00, 2.15642770E-01,
    0.00000000E+00, 0.00000000E+00, 0.00000000E+00, 0.00000000E+00, 0.00000000E+00, 6.81297460E-01, 1.73701908E+00
])

sigma_f = np.array([
    0.00000000E+00, 0.00000000E+00, 0.00000000E+00, 0.00000000E+00, 0.00000000E+00, 0.00000000E+00, 0.00000000E+00
])

nu_sigma_f = np.array([
    0.00000000E+00, 0.00000000E+00, 0.00000000E+00, 0.00000000E+00, 0.00000000E+00, 0.00000000E+00, 0.00000000E+00
])

chi = np.array([
    0.00000000E+00, 0.00000000E+00, 0.00000000E+00, 0.00000000E+00, 0.00000000E+00, 0.00000000E+00, 0.00000000E+00
])


###############################################################################
# MATERIAL ID 1: $\mathrm{UO_2}$
# Temperature = 900 K
###############################################################################

sigma_t = np.array([
    2.76969970E-01, 3.43373504E-01, 5.01623037E-01, 6.15930346E-01, 6.31386566E-01, 6.29811545E-01, 1.17854756E+00
])

sigma_s = np.array([
    2.05692373E-01, 3.35058457E-02, 2.50168036E-02, 1.29992785E-06, 6.84172554E-08, 0.00000000E+00, 0.00000000E+00,
    0.00000000E+00, 3.06528367E-01, 3.25472446E-02, 3.70850448E-07, 0.00000000E+00, 0.00000000E+00, 0.00000000E+00,
    0.00000000E+00, 0.00000000E+00, 4.85692100E-01, 2.59455200E-03, 0.00000000E+00, 0.00000000E+00, 0.00000000E+00,
    0.00000000E+00, 0.00000000E+00, 0.00000000E+00, 5.33437261E-01, 8.54634819E-03, 0.00000000E+00, 0.00000000E+00,
    0.00000000E+00, 0.00000000E+00, 0.00000000E+00, 0.00000000E+00, 4.67993382E-01, 1.02293542E-02, 0.00000000E+00,
    0.00000000E+00, 0.00000000E+00, 0.00000000E+00, 0.00000000E+00, 7.29923416E-05, 4.03062069E-01, 9.18390147E-03,
    0.00000000E+00, 0.00000000E+00, 0.00000000E+00, 0.00000000E+00, 0.00000000E+00, 7.65316200E-02, 3.54871359E-01
])

sigma_f = np.array([
    1.11577274E-02, 1.43934482E-03, 2.94176233E-03, 1.87112760E-02, 4.53275873E-02, 1.44782247E-01, 5.94407893E-01
])

nu_sigma_f = np.array([
    3.10603962E-02, 3.60631820E-03, 7.17804694E-03, 4.55402769E-02, 1.10409287E-01, 3.52790907E-01, 1.44839373E+00
])

chi = np.array([
    6.99066167E-01, 1.73994740E-01, 1.26925170E-01, 1.33506372E-05, 4.76705706E-07, 9.53069054E-08, 0.00000000E+00
])


###############################################################################
# MATERIAL ID 2: helium
# Temperature = 900 K
###############################################################################

sigma_t = np.array([
    1.57771578E-03, 1.30045821E-03, 3.08459630E-04, 2.82644027E-04, 2.82823307E-04, 2.94429523E-04, 3.81550812E-04
])

sigma_s = np.array([
    1.07697503E-03, 4.25739532E-04, 8.16757026E-05, 0.00000000E+00, 0.00000000E+00, 0.00000000E+00, 0.00000000E+00,
    0.00000000E+00, 4.76034083E-04, 8.14742204E-04, 0.00000000E+00, 0.00000000E+00, 0.00000000E+00, 0.00000000E+00,
    0.00000000E+00, 0.00000000E+00, 2.97150854E-04, 1.09021790E-05, 0.00000000E+00, 0.00000000E+00, 0.00000000E+00,
    0.00000000E+00, 0.00000000E+00, 0.00000000E+00, 2.27006280E-04, 5.56387942E-05, 0.00000000E+00, 0.00000000E+00,
    0.00000000E+00, 0.00000000E+00, 0.00000000E+00, 0.00000000E+00, 2.36733987E-04, 4.53914724E-05, 0.00000000E+00,
    0.00000000E+00, 0.00000000E+00, 0.00000000E+00, 0.00000000E+00, 0.00000000E+00, 2.74124997E-04, 1.93003298E-05,
    0.00000000E+00, 0.00000000E+00, 0.00000000E+00, 0.00000000E+00, 0.00000000E+00, 1.59745681E-04, 2.23643953E-04
])

sigma_f = np.array([
    0.00000000E+00, 0.00000000E+00, 0.00000000E+00, 0.00000000E+00, 0.00000000E+00, 0.00000000E+00, 0.00000000E+00
])

nu_sigma_f = np.array([
    0.00000000E+00, 0.00000000E+00, 0.00000000E+00, 0.00000000E+00, 0.00000000E+00, 0.00000000E+00, 0.00000000E+00
])

chi = np.array([
    0.00000000E+00, 0.00000000E+00, 0.00000000E+00, 0.00000000E+00, 0.00000000E+00, 0.00000000E+00, 0.00000000E+00
])


###############################################################################
# MATERIAL ID 3: zircaloy4
# Temperature = 600 K
###############################################################################

sigma_t = np.array([
    2.04716059E-01, 3.23964195E-01, 3.93595110E-01, 3.11162493E-01, 2.92063705E-01, 2.96903089E-01, 3.05573403E-01
])

sigma_s = np.array([
    1.75544493E-01, 1.49941938E-02, 1.37607862E-02, 1.07749420E-07, 0.00000000E+00, 0.00000000E+00, 0.00000000E+00,
    0.00000000E+00, 3.16504194E-01, 6.85768195E-03, 2.32534738E-07, 0.00000000E+00, 0.00000000E+00, 0.00000000E+00,
    0.00000000E+00, 0.00000000E+00, 3.91367423E-01, 6.01230592E-04, 0.00000000E+00, 0.00000000E+00, 0.00000000E+00,
    0.00000000E+00, 0.00000000E+00, 0.00000000E+00, 2.99969899E-01, 2.73583307E-03, 0.00000000E+00, 0.00000000E+00,
    0.00000000E+00, 0.00000000E+00, 0.00000000E+00, 0.00000000E+00, 2.88765798E-01, 2.68383489E-03, 0.00000000E+00,
    0.00000000E+00, 0.00000000E+00, 0.00000000E+00, 0.00000000E+00, 2.44979041E-05, 2.90148639E-01, 4.32342640E-03,
    0.00000000E+00, 0.00000000E+00, 0.00000000E+00, 0.00000000E+00, 0.00000000E+00, 2.93094210E-02, 2.68040517E-01
])

sigma_f = np.array([
    0.00000000E+00, 0.00000000E+00, 0.00000000E+00, 0.00000000E+00, 0.00000000E+00, 0.00000000E+00, 0.00000000E+00
])

nu_sigma_f = np.array([
    0.00000000E+00, 0.00000000E+00, 0.00000000E+00, 0.00000000E+00, 0.00000000E+00, 0.00000000E+00, 0.00000000E+00
])

chi = np.array([
    0.00000000E+00, 0.00000000E+00, 0.00000000E+00, 0.00000000E+00, 0.00000000E+00, 0.00000000E+00, 0.00000000E+00
])


###############################################################################
# MATERIAL ID 9: pyrex5
# Temperature = 600 K
###############################################################################

sigma_t = np.array([
    1.58819598E-01, 2.33884792E-01, 2.57507229E-01, 2.36376892E-01, 2.67058402E-01, 6.19134489E-01, 1.52960532E+00
])

sigma_s = np.array([
    1.39841330E-01, 1.68931011E-02, 1.19809228E-03, 2.99523069E-06, 0.00000000E+00, 0.00000000E+00, 0.00000000E+00,
    0.00000000E+00, 2.07466742E-01, 2.59261623E-02, 0.00000000E+00, 0.00000000E+00, 0.00000000E+00, 0.00000000E+00,
    0.00000000E+00, 0.00000000E+00, 2.52806035E-01, 2.60048767E-03, 0.00000000E+00, 0.00000000E+00, 0.00000000E+00,
    0.00000000E+00, 0.00000000E+00, 0.00000000E+00, 2.12363228E-01, 1.06218851E-02, 0.00000000E+00, 0.00000000E+00,
    0.00000000E+00, 0.00000000E+00, 0.00000000E+00, 0.00000000E+00, 2.12470523E-01, 1.03740856E-02, 0.00000000E+00,
    0.00000000E+00, 0.00000000E+00, 0.00000000E+00, 0.00000000E+00, 5.01462376E-06, 2.16722009E-01, 7.79272532E-03,
    0.00000000E+00, 0.00000000E+00, 0.00000000E+00, 0.00000000E+00, 0.00000000E+00, 4.88939224E-02, 1.88262496E-01
])

sigma_f = np.array([
    0.00000000E+00, 0.00000000E+00, 0.00000000E+00, 0.00000000E+00, 0.00000000E+00, 0.00000000E+00, 0.00000000E+00
])

nu_sigma_f = np.array([
    0.00000000E+00, 0.00000000E+00, 0.00000000E+00, 0.00000000E+00, 0.00000000E+00, 0.00000000E+00, 0.00000000E+00
])

chi = np.array([
    0.00000000E+00, 0.00000000E+00, 0.00000000E+00, 0.00000000E+00, 0.00000000E+00, 0.00000000E+00, 0.00000000E+00
])


###############################################################################
# MATERIAL ID 10: pyrex10
# Temperature = 600 K
###############################################################################

sigma_t = np.array([
    1.61081366E-01, 2.36182601E-01, 2.66846676E-01, 2.59017783E-01, 3.19043831E-01, 9.52864047E-01, 2.76823859E+00
])

sigma_s = np.array([
    1.42439836E-01, 1.70257712E-02, 1.15183390E-03, 0.00000000E+00, 0.00000000E+00, 0.00000000E+00, 0.00000000E+00,
    0.00000000E+00, 2.09378826E-01, 2.68294711E-02, 0.00000000E+00, 0.00000000E+00, 0.00000000E+00, 0.00000000E+00,
    0.00000000E+00, 0.00000000E+00, 2.60273460E-01, 2.79937060E-03, 0.00000000E+00, 0.00000000E+00, 0.00000000E+00,
    0.00000000E+00, 0.00000000E+00, 0.00000000E+00, 2.20525054E-01, 1.08102694E-02, 0.00000000E+00, 0.00000000E+00,
    0.00000000E+00, 0.00000000E+00, 0.00000000E+00, 0.00000000E+00, 2.20892132E-01, 1.09947823E-02, 0.00000000E+00,
    0.00000000E+00, 0.00000000E+00, 0.00000000E+00, 0.00000000E+00, 7.33034318E-06, 2.28186253E-01, 6.54599646E-03,
    0.00000000E+00, 0.00000000E+00, 0.00000000E+00, 0.00000000E+00, 0.00000000E+00, 5.80352747E-02, 1.88924250E-01
])

sigma_f = np.array([
    0.00000000E+00, 0.00000000E+00, 0.00000000E+00, 0.00000000E+00, 0.00000000E+00, 0.00000000E+00, 0.00000000E+00
])

nu_sigma_f = np.array([
    0.00000000E+00, 0.00000000E+00, 0.00000000E+00, 0.00000000E+00, 0.00000000E+00, 0.00000000E+00, 0.00000000E+00
])

chi = np.array([
    0.00000000E+00, 0.00000000E+00, 0.00000000E+00, 0.00000000E+00, 0.00000000E+00, 0.00000000E+00, 0.00000000E+00
])


###############################################################################
# MATERIAL ID 11: pyrex25
# Temperature = 600 K
###############################################################################

sigma_t = np.array([
    1.68424339E-01, 2.44783639E-01, 2.94332249E-01, 3.26660138E-01, 4.73461707E-01, 1.75228345E+00, 6.46919015E+00
])

sigma_s = np.array([
    1.46458921E-01, 1.93230739E-02, 1.03861946E-03, 0.00000000E+00, 0.00000000E+00, 0.00000000E+00, 0.00000000E+00,
    0.00000000E+00, 2.13206464E-01, 3.05829732E-02, 0.00000000E+00, 0.00000000E+00, 0.00000000E+00, 0.00000000E+00,
    0.00000000E+00, 0.00000000E+00, 2.82114300E-01, 3.33816015E-03, 0.00000000E+00, 0.00000000E+00, 0.00000000E+00,
    0.00000000E+00, 0.00000000E+00, 0.00000000E+00, 2.45281503E-01, 1.25978083E-02, 0.00000000E+00, 0.00000000E+00,
    0.00000000E+00, 0.00000000E+00, 0.00000000E+00, 0.00000000E+00, 2.47349991E-01, 1.18726315E-02, 0.00000000E+00,
    0.00000000E+00, 0.00000000E+00, 0.00000000E+00, 0.00000000E+00, 1.00055298E-05, 2.56181584E-01, 4.46580145E-03,
    0.00000000E+00, 0.00000000E+00, 0.00000000E+00, 0.00000000E+00, 0.00000000E+00, 6.61039406E-02, 2.10311124E-01
])

sigma_f = np.array([
    0.00000000E+00, 0.00000000E+00, 0.00000000E+00, 0.00000000E+00, 0.00000000E+00, 0.00000000E+00, 0.00000000E+00
])

nu_sigma_f = np.array([
    0.00000000E+00, 0.00000000E+00, 0.00000000E+00, 0.00000000E+00, 0.00000000E+00, 0.00000000E+00, 0.00000000E+00
])

chi = np.array([
    0.00000000E+00, 0.00000000E+00, 0.00000000E+00, 0.00000000E+00, 0.00000000E+00, 0.00000000E+00, 0.00000000E+00
])


###############################################################################
# MATERIAL ID 12: pyrex35
# Temperature = 600 K
###############################################################################

sigma_t = np.array([
    1.73405827E-01, 2.50168769E-01, 3.12856938E-01, 3.71235692E-01, 5.75212458E-01, 2.23946104E+00, 8.93992303E+00
])

sigma_s = np.array([
    1.50526939E-01, 1.98772460E-02, 8.61717140E-04, 1.51978332E-06, 0.00000000E+00, 0.00000000E+00, 0.00000000E+00,
    0.00000000E+00, 2.16388219E-01, 3.22213256E-02, 0.00000000E+00, 0.00000000E+00, 0.00000000E+00, 0.00000000E+00,
    0.00000000E+00, 0.00000000E+00, 2.97117293E-01, 3.63400901E-03, 0.00000000E+00, 0.00000000E+00, 0.00000000E+00,
    0.00000000E+00, 0.00000000E+00, 0.00000000E+00, 2.61825999E-01, 1.38370055E-02, 0.00000000E+00, 0.00000000E+00,
    0.00000000E+00, 0.00000000E+00, 0.00000000E+00, 0.00000000E+00, 2.63833741E-01, 1.27005710E-02, 0.00000000E+00,
    0.00000000E+00, 0.00000000E+00, 0.00000000E+00, 0.00000000E+00, 1.59983526E-05, 2.73721148E-01, 4.36755026E-03,
    0.00000000E+00, 0.00000000E+00, 0.00000000E+00, 0.00000000E+00, 0.00000000E+00, 7.44465512E-02, 2.17273638E-01
])

sigma_f = np.array([
    0.00000000E+00, 0.00000000E+00, 0.00000000E+00, 0.00000000E+00, 0.00000000E+00, 0.00000000E+00, 0.00000000E+00
])

nu_sigma_f = np.array([
    0.00000000E+00, 0.00000000E+00, 0.00000000E+00, 0.00000000E+00, 0.00000000E+00, 0.00000000E+00, 0.00000000E+00
])

chi = np.array([
    0.00000000E+00, 0.00000000E+00, 0.00000000E+00, 0.00000000E+00, 0.00000000E+00, 0.00000000E+00, 0.00000000E+00
])


###############################################################################
# MATERIAL ID 13: pyrex40
# Temperature = 600 K
###############################################################################

sigma_t = np.array([
    1.75737798E-01, 2.53069192E-01, 3.21943109E-01, 3.93535060E-01, 6.25150521E-01, 2.47241590E+00, 1.01916110E+01
])

sigma_s = np.array([
    1.51743547E-01, 2.05889591E-02, 9.22596245E-04, 0.00000000E+00, 0.00000000E+00, 0.00000000E+00, 0.00000000E+00,
    0.00000000E+00, 2.17607671E-01, 3.41999262E-02, 0.00000000E+00, 0.00000000E+00, 0.00000000E+00, 0.00000000E+00,
    0.00000000E+00, 0.00000000E+00, 3.04131350E-01, 4.13881382E-03, 0.00000000E+00, 0.00000000E+00, 0.00000000E+00,
    0.00000000E+00, 0.00000000E+00, 0.00000000E+00, 2.70128915E-01, 1.45160414E-02, 0.00000000E+00, 0.00000000E+00,
    0.00000000E+00, 0.00000000E+00, 0.00000000E+00, 0.00000000E+00, 2.73787271E-01, 1.34132092E-02, 0.00000000E+00,
    0.00000000E+00, 0.00000000E+00, 0.00000000E+00, 0.00000000E+00, 0.00000000E+00, 2.85477358E-01, 4.33060905E-03,
    0.00000000E+00, 0.00000000E+00, 0.00000000E+00, 0.00000000E+00, 0.00000000E+00, 8.00744890E-02, 2.42664763E-01
])

sigma_f = np.array([
    0.00000000E+00, 0.00000000E+00, 0.00000000E+00, 0.00000000E+00, 0.00000000E+00, 0.00000000E+00, 0.00000000E+00
])

nu_sigma_f = np.array([
    0.00000000E+00, 0.00000000E+00, 0.00000000E+00, 0.00000000E+00, 0.00000000E+00, 0.00000000E+00, 0.00000000E+00
])

chi = np.array([
    0.00000000E+00, 0.00000000E+00, 0.00000000E+00, 0.00000000E+00, 0.00000000E+00, 0.00000000E+00, 0.00000000E+00
])
